2
5
6
1
6
2
9
3
17
3
1
1
1
3
5
5
4
4
22
3
2
3
5
4
4
1
2
2
3
5
1
2
2
9
6
2
1
1
2
1
2
1
1
2
1
1
5
3
4
1
1
2
2
1
1
11
7
2
1
2
1
1
1
1
1
3
5
3
3
1
2
5
3
1
2
5
1
1
2
2
1
1
2
3
1
4
1
2
5
2
1
4
1
4
1
2
5
1
2
2
1
2
3
2
3
2
2
20
1
6
3
9
3
3
1
5
6
3
2
2
2
5
2
2
3
11
13
21
2
2
3
4
3
4
2
3
7
4
3
5
2
2
2
1
5
6
2
1
2
2
4
5
5
2
2
10
4
8
12
1
2
1
1
2
1
3
2
2
2
3
3
2
24
3
1
4
3
1
1
1
1
3
15
5
8
9
22
1
8
8
1
5
4
2
2
2
2
2
6
3
1
2
2
8
5
1
1
1
1
1
5
7
1
2
2
5
1
3
1
4
6
4
6
32
3
1
2
1
1
2
1
1
2
1
2
3
6
5
5
10
3
1
2
2
2
5
3
2
5
1
3
1
1
5
1
2
5
4
1
4
5
1
4
3
2
3
3
2
3
1
1
3
11
3
5
4
4
2
1
2
2
2
4
4
5
1
2
1
5
3
2
1
2
1
2
2
3
2
6
5
1
3
3
3
1
2
5
3
5
8
3
1
1
6
4
3
5
1
1
2
5
5
2
5
8
4
3
6
2
3
6
2
1
3
4
2
4
1
2
2
3
1
1
4
2
2
1
7
2
2
3
2
3
4
1
4
2
2
1
1
8
2
3
6
2
2
1
2
1
2
6
3
4
3
1
9
4
1
2
10
4
4
3
5
1
3
2
3
3
35
2
3
2
1
1
3
2
4
8
70
2
10
6
1
3
1
3
2
1
2
1
3
1
4
2
2
4
18
6
2
3
5
4
2
2
2
1
3
7
8
3
1
2
1
3
1
3
4
6
1
2
2
2
2
4
5
2
3
3
7
3
3
3
3
6
2
1
11
6
4
7
3
2
4
2
2
3
2
1
3
2
1
1
1
6
8
1
3
2
2
1
2
2
2
1
1
1
2
2
1
2
6
1
4
4
2
2
2
2
2
1
1
1
3
2
2
3
6
2
2
1
2
2
3
3
4
1
1
3
2
2
1
1
3
10
18
1
1
1
1
1
1
1
1
5
3
1
1
1
6
1
3
1
1
3
3
4
4
2
4
2
2
1
2
4
3
3
4
3
5
6
3
2
2
5
6
7
